1538.468579
1532.344820
1525.207733
1534.928437
1536.531354
1532.046580
1516.668189
1526.135221
1523.309816
1511.686766
1518.465962
1501.506081
1525.980562
1505.982792
1525.374911
1531.778413
1526.226768
1515.785480
1522.449239
1519.649274
1505.933388
1519.722656
1518.247468
1515.422335
1502.394330
1535.355732
1527.070847
1543.045071
1512.398036
1522.357643
1524.385868
1520.419987
1514.689460
1516.961313
1516.992006
1529.753521
1531.022896
1508.662472
1533.835262
1516.807928
1518.467447
1516.870441
1538.306149
1532.575875
1518.669653
1515.172265
1519.530608
1510.581725
1521.155857
1520.324942
1524.413487
1504.861278
1502.623608
1506.965868
1517.850325
1506.763488
1539.539476
1501.105579
1514.825356
1515.606047
1527.997095
1510.933104
1524.575877
1527.051416
1523.723334
1516.340064
1529.331752
1506.442030
1508.929185
1515.431648
1526.786666
1529.397328
1508.588388
1538.588480
1515.810311
1514.086323
1518.222636
1515.660140
1520.331294
1513.862662
1524.523242
1530.016519
1522.208770
1529.114138
1525.785404
1507.195804
1512.466211
1516.532379
1523.412319
1520.277879
1512.478863
1516.209789
1518.440341
1541.702563
1532.214141
1534.582782
1535.093520
1527.321698
1505.642630
1521.437171