113.929786
111.277844
112.134979
111.256846
112.058505
111.808677
111.738529
111.984678
112.417421
111.648117
111.451154
113.142782
112.173350
111.954973
111.776558
112.321343
111.832988
111.569945
112.394288
112.574223
112.032135
112.024125
112.369186
111.794141
111.718063
112.113507
112.154393
112.641478
113.086223
111.980587
111.206265
112.551495
112.283272
111.418730
112.068597
111.684339
112.111449
111.041085
112.059081
112.282310
111.869342
112.126515
111.734841
111.762864
112.127163
112.257126
111.202956
111.871063
111.870416
111.873542
113.270956
111.629037
112.338441
112.428539
112.416702
111.881881
112.718576
111.669517
111.899637
111.741505
112.310132
112.227001
112.568350
111.498327
112.092615
111.794172
112.447779
111.014450
111.855000
111.980394
111.755983
111.504340
112.286133
111.781887
111.798935
111.636978
112.187823
111.667220
111.915316
112.935584
111.156601
112.377449
111.432619
112.420908
112.108718
112.253345
111.210727
113.099431
110.825329
112.160392
112.315048
112.283729
111.724896
112.104525
111.228953
112.468343
111.719924
112.031176
111.429051
111.673159